      1.0000000      0.7882977      0.2872849     -0.0739603     -0.1337604      0.1020863     -0.2935698
      0.7882977      1.0000000      0.6875008      0.2796261      0.1940601      0.3505270     -0.2009011
      0.2872849      0.6875008      1.0000000      0.7723172      0.7028527      0.7099068      0.0653695
     -0.0739603      0.2796261      0.7723172      1.0000000      0.9422824      0.5976747      0.0926821
     -0.1337604      0.1940601      0.7028527      0.9422824      1.0000000      0.6736071      0.0702037
      0.1020863      0.3505270      0.7099068      0.5976747      0.6736071      1.0000000     -0.0016124
     -0.2935698     -0.2009011      0.0653695      0.0926821      0.0702037     -0.0016124      1.0000000
